GRUS-1A                 
1 43890U 18111Q   25173.58586018  .00000834  00000+0  75632-4 0  9996
2 43890  97.5031  50.5421 0007789 292.0506  67.9889 14.97841668353858
GRUS-1C                 
1 47933U 21022B   25173.58790729  .00001001  00000+0  89918-4 0  9998
2 47933  97.5848  62.7896 0016535  90.1219 270.1898 14.97771740232053
GRUS-1B                 
1 47934U 21022C   25173.57577666  .00001614  00000+0  14192-3 0  9992
2 47934  97.5853  62.8103 0019492  92.2312 268.1142 14.97773935232040
GRUS-1E                 
1 47935U 21022D   25173.58865478  .00001079  00000+0  93575-4 0  9993
2 47935  97.5887  63.3681 0019121  89.4440 270.8974 14.98993455232061
GRUS-1D                 
1 47936U 21022E   25173.60142080  .00000312  00000+0  31317-4 0  9999
2 47936  97.5857  63.0032 0015549  80.9449 279.3533 14.97826912232057
